# frame	seconds	right_knee	left_knee
0	0.0	108.68	142.19
0	0.0	106.87	142.05
0	0.0	103.66	141.26
0	0.0	100.57	140.18
0	0.0	96.69	138.44
0	0.0	92.95	136.23
0	0.0	92.23	135.78
0	0.0	89.01	132.95
0	0.0	84.47	129.32
0	0.0	79.03	123.04
0	0.0	74.84	117.71
0	0.0	75.14	113.74
0	0.0	71.9	110.12
0	0.0	68.09	105.31
0	0.0	63.17	95.39
0	0.0	59.9	90.82
0	0.0	55.44	84.19
0	0.0	52.19	78.42
0	0.0	52.7	77.54
0	0.0	50.92	75.07
0	0.0	49.62	72.8
0	0.0	47.52	69.66
0	0.0	45.85	67.26
0	0.0	44.26	64.4
0	0.0	44.95	65.77
0	0.0	44.48	64.77
0	0.0	43.05	63.84
0	0.0	41.75	62.83
0	0.0	40.39	61.99
0	0.0	39.28	60.52
0	0.0	39.09	61.68
0	0.0	37.47	59.93
0	0.0	35.83	57.19
0	0.0	35.8	56.23
0	0.0	35.11	55.18
0	0.0	34.11	53.27
0	0.0	34.04	51.72
0	0.0	33.89	50.48
0	0.0	33.91	49.34
0	0.0	34.0	48.96
0	0.0	33.99	48.82
0	0.0	33.94	48.8
0	0.0	33.86	48.48
0	0.0	33.91	48.12
0	0.0	34.04	47.51
0	0.0	34.16	47.19
0	0.0	34.25	46.99
0	0.0	34.37	46.84
0	0.0	34.49	46.74
0	0.0	34.62	46.61
0	0.0	34.7	46.46
0	0.0	34.68	46.29
0	0.0	34.64	46.05
0	0.0	34.64	45.9
0	0.0	34.61	45.76
0	0.0	34.54	45.58
0	0.0	34.5	45.4
0	0.0	34.47	45.24
0	0.0	34.45	45.16
0	0.0	34.46	45.08
0	0.0	34.48	45.01
0	0.0	34.48	44.92
0	0.0	34.54	44.91
0	0.0	34.57	44.88
0	0.0	34.61	44.9
0	0.0	34.65	44.88
0	0.0	34.66	44.88
0	0.0	34.69	44.88
0	0.0	34.74	44.99
0	0.0	34.76	45.05
0	0.0	34.88	45.18
0	0.0	35.05	45.53
0	0.0	36.35	50.09
0	0.0	38.59	55.85
0	0.0	41.83	61.71
0	0.0	42.86	62.77
0	0.0	45.73	68.37
0	0.0	47.69	72.55
0	0.0	48.83	71.01
0	0.0	51.0	76.33
0	0.0	53.44	81.19
0	0.0	58.12	91.95
0	0.0	64.03	104.56
0	0.0	71.66	118.71
0	0.0	71.35	117.1
0	0.0	77.47	122.1
0	0.0	84.6	127.44
0	0.0	90.68	132.5
0	0.0	94.94	137.77
0	0.0	100.08	141.57
0	0.0	101.28	142.39
0	0.0	105.56	144.01
0	0.0	110.17	146.08
0	0.0	113.08	147.79
0	0.0	118.63	149.93
0	0.0	126.7	151.1
0	0.0	132.12	152.56
0	0.0	138.47	154.61
0	0.0	143.54	156.61
0	0.0	147.39	158.58
0	0.0	158.52	161.12
0	0.0	161.36	163.24
0	0.0	163.58	164.42
0	0.0	166.67	166.43
0	0.0	170.1	168.03
0	0.0	170.45	168.38
0	0.0	172.95	169.94
0	0.0	177.08	171.26
0	0.0	179.08	171.87
0	0.0	175.02	172.72
0	0.0	172.91	173.72
0	0.0	171.73	174.29
0	0.0	171.39	175.2
0	0.0	171.48	175.87
0	0.0	171.37	176.37
0	0.0	172.39	176.48
0	0.0	173.06	176.54
0	0.0	173.19	176.74
0	0.0	173.14	176.85
0	0.0	172.92	176.91
0	0.0	172.63	177.1
0	0.0	172.56	177.35
0	0.0	172.5	177.66
0	0.0	172.57	177.85
0	0.0	172.55	178.14
0	0.0	172.55	178.33
0	0.0	172.69	178.46
0	0.0	173.03	178.74
0	0.0	173.45	178.64
0	0.0	174.23	178.48
0	0.0	175.87	177.33
0	0.0	179.18	175.56
0	0.0	179.37	174.87
0	0.0	172.47	172.24
0	0.0	170.8	171.61
0	0.0	174.16	179.64
0	0.0	178.4	173.6
0	0.0	176.16	172.01
0	0.0	175.44	172.08
0	0.0	174.84	172.96
0	0.0	174.48	173.34
0	0.0	174.39	173.59
0	0.0	174.36	173.78
0	0.0	174.43	173.87
0	0.0	174.56	173.88
0	0.0	174.61	174.05
0	0.0	174.65	174.15
0	0.0	174.66	174.19
0	0.0	174.7	174.2
0	0.0	174.72	174.22
0	0.0	174.73	174.25
0	0.0	174.75	174.26
0	0.0	174.77	174.27
0	0.0	174.79	174.27
0	0.0	174.81	174.28
0	0.0	174.83	174.28
0	0.0	174.86	174.28
0	0.0	174.88	174.28
0	0.0	174.93	174.28
0	0.0	174.98	174.28
0	0.0	175.04	174.26
0	0.0	175.09	174.25
0	0.0	175.15	174.25
0	0.0	175.24	174.26
0	0.0	175.32	174.28
0	0.0	175.39	174.28
0	0.0	175.95	174.5
0	0.0	176.27	174.67
0	0.0	176.91	174.76
0	0.0	177.83	175.21
0	0.0	179.59	177.16
0	0.0	179.57	178.2
0	0.0	178.79	179.36
0	0.0	176.76	177.9
0	0.0	174.09	175.38
0	0.0	173.13	174.47
0	0.0	166.12	166.55
0	0.0	164.21	164.58
0	0.0	158.01	160.36
0	0.0	154.64	156.89
0	0.0	153.95	155.79
0	0.0	149.5	153.82
0	0.0	142.24	146.28
0	0.0	137.22	142.49
0	0.0	132.96	137.36
0	0.0	132.87	137.13
0	0.0	130.14	134.81
0	0.0	125.84	129.93
0	0.0	121.3	124.93
0	0.0	116.79	122.16
0	0.0	113.48	118.9
0	0.0	113.05	118.5
0	0.0	109.76	115.93
0	0.0	106.75	113.47
0	0.0	106.25	112.76
0	0.0	102.77	108.85
0	0.0	98.86	105.64
0	0.0	99.26	106.15
0	0.0	97.05	104.5
0	0.0	93.46	101.86
0	0.0	90.07	98.56
0	0.0	90.26	98.65
0	0.0	83.71	92.51
0	0.0	79.59	88.06
0	0.0	78.65	87.21
0	0.0	75.5	84.63
0	0.0	71.55	81.25
0	0.0	72.23	81.65
0	0.0	67.91	77.28
0	0.0	65.95	74.87
0	0.0	66.62	75.62
0	0.0	62.17	70.53
0	0.0	60.3	68.78
0	0.0	61.17	69.19
0	0.0	61.14	68.39
0	0.0	61.11	67.76
0	0.0	61.1	67.58
0	0.0	60.79	67.19
0	0.0	60.68	66.4
0	0.0	60.89	65.97
0	0.0	61.21	65.78
0	0.0	61.51	65.72
0	0.0	61.69	65.66
0	0.0	61.78	65.57
0	0.0	61.85	65.49
0	0.0	61.84	65.42
0	0.0	61.74	65.25
0	0.0	61.71	65.21
0	0.0	61.65	65.16
0	0.0	61.57	65.25
0	0.0	61.47	65.29
0	0.0	61.44	65.39
0	0.0	61.4	65.45
0	0.0	61.35	65.52
0	0.0	61.34	65.57
0	0.0	61.33	65.61
0	0.0	61.31	65.67
0	0.0	61.3	65.74
0	0.0	61.29	65.78
0	0.0	61.28	65.85
0	0.0	61.28	65.9
0	0.0	61.29	66.09
0	0.0	61.31	66.22
0	0.0	61.96	66.84
0	0.0	64.83	69.53
0	0.0	69.41	74.14
0	0.0	71.09	75.98
0	0.0	79.09	84.99
0	0.0	87.21	93.55
0	0.0	93.59	99.58
0	0.0	99.37	104.26
0	0.0	100.61	104.48
0	0.0	104.88	108.12
0	0.0	108.5	111.65
0	0.0	109.39	112.29
0	0.0	113.12	116.39
0	0.0	116.98	121.44
0	0.0	120.75	125.33
0	0.0	124.97	129.55
0	0.0	130.4	135.2
0	0.0	132.9	138.42
0	0.0	136.82	141.99
0	0.0	141.03	147.65
0	0.0	146.82	152.71
0	0.0	153.02	158.26
0	0.0	161.43	162.72
0	0.0	162.31	163.84
0	0.0	165.89	167.66
0	0.0	168.66	171.06
0	0.0	170.02	171.95
0	0.0	172.28	174.71
0	0.0	175.53	176.32
0	0.0	177.43	177.68
0	0.0	178.96	179.52
0	0.0	176.46	178.23
0	0.0	175.87	177.23
0	0.0	175.63	176.84
0	0.0	175.65	175.76
0	0.0	175.1	174.88
0	0.0	175.08	174.28
0	0.0	175.43	174.32
0	0.0	175.6	174.37
0	0.0	175.83	174.25
0	0.0	176.11	174.25
0	0.0	176.33	174.31
0	0.0	176.5	174.36
0	0.0	176.67	174.36
0	0.0	176.76	174.3
0	0.0	176.87	174.34
0	0.0	176.91	174.33
0	0.0	176.95	174.31
0	0.0	176.87	174.29
0	0.0	176.82	174.27
0	0.0	176.83	174.29
0	0.0	176.89	174.3
0	0.0	176.92	174.31
0	0.0	176.94	174.32
0	0.0	176.97	174.33
0	0.0	177.02	174.34
0	0.0	177.06	174.33
0	0.0	177.07	174.33
0	0.0	177.16	174.34
0	0.0	177.32	174.35
0	0.0	177.54	174.35
0	0.0	177.74	174.35
0	0.0	178.2	174.35
0	0.0	178.53	174.34
0	0.0	178.75	174.37
0	0.0	178.97	174.5
0	0.0	179.07	174.81
0	0.0	179.18	175.16
0	0.0	179.26	175.43
0	0.0	179.24	175.75
0	0.0	179.18	176.35
0	0.0	179.17	176.74
0	0.0	179.17	176.8
0	0.0	179.4	176.79
0	0.0	179.47	176.87
0	0.0	179.87	177.27
0	0.0	179.39	177.94
0	0.0	178.94	178.24
0	0.0	176.94	179.36
0	0.0	174.45	178.31
0	0.0	171.87	175.74
0	0.0	166.84	170.65
0	0.0	163.08	167.03
0	0.0	162.04	165.94
0	0.0	158.57	163.31
0	0.0	154.18	159.14
0	0.0	153.26	157.32
0	0.0	148.11	153.98
0	0.0	143.46	149.68
0	0.0	139.62	145.92
0	0.0	136.1	141.67
0	0.0	134.4	138.09
0	0.0	134.42	137.44
0	0.0	131.81	135.3
0	0.0	128.14	132.13
0	0.0	125.33	128.98
0	0.0	121.33	126.29
0	0.0	117.06	123.56
0	0.0	116.3	121.95
0	0.0	115.2	120.5
0	0.0	112.32	117.89
0	0.0	112.25	117.83
0	0.0	108.96	115.1
0	0.0	106.1	111.73
0	0.0	102.81	108.54
0	0.0	100.9	105.92
0	0.0	98.43	103.98
0	0.0	98.53	103.98
0	0.0	98.81	104.11
0	0.0	96.86	102.03
0	0.0	93.64	99.45
0	0.0	90.74	98.0
0	0.0	87.73	95.65
0	0.0	84.68	93.3
0	0.0	83.88	91.95
0	0.0	80.37	87.79
0	0.0	78.05	84.71
0	0.0	78.29	84.34
0	0.0	71.59	78.34
0	0.0	69.09	76.68
0	0.0	66.81	74.95
0	0.0	64.82	72.69
0	0.0	65.0	72.91
0	0.0	64.39	72.05
0	0.0	63.67	71.12
0	0.0	61.42	69.72
0	0.0	61.05	69.71
0	0.0	59.9	68.06
0	0.0	60.45	68.53
0	0.0	59.49	67.61
0	0.0	58.76	66.64
0	0.0	58.36	66.16
0	0.0	58.45	66.11
0	0.0	58.35	65.47
0	0.0	58.23	65.27
0	0.0	58.28	65.42
0	0.0	58.05	65.24
0	0.0	57.83	65.23
0	0.0	57.64	65.12
0	0.0	57.5	65.15
0	0.0	57.92	64.98
0	0.0	58.02	64.86
0	0.0	57.96	64.83
0	0.0	57.97	64.87
0	0.0	57.99	64.87
0	0.0	58.03	64.84
0	0.0	58.09	64.82
0	0.0	58.17	64.82
0	0.0	58.02	64.82
0	0.0	58.16	64.86
0	0.0	58.26	64.92
0	0.0	58.43	64.95
0	0.0	58.5	64.96
0	0.0	58.37	64.98
0	0.0	58.4	64.99
0	0.0	58.38	65.01
0	0.0	58.38	65.03
0	0.0	58.39	65.04
0	0.0	58.39	65.05
0	0.0	58.38	65.08
0	0.0	58.4	65.11
0	0.0	58.42	65.14
0	0.0	58.45	65.17
0	0.0	58.45	65.22
0	0.0	58.47	65.27
0	0.0	58.49	65.31
0	0.0	58.54	65.39
0	0.0	58.76	65.68
0	0.0	58.89	65.83
0	0.0	58.98	65.97
0	0.0	59.74	66.84
0	0.0	60.21	67.34
0	0.0	61.58	68.63
0	0.0	70.76	78.08
0	0.0	77.21	85.46
0	0.0	80.82	87.56
0	0.0	86.15	92.52
0	0.0	88.72	93.57
0	0.0	93.12	97.56
0	0.0	97.73	102.19
0	0.0	102.57	106.88
0	0.0	107.72	110.99
0	0.0	111.21	114.89
0	0.0	111.66	115.57
0	0.0	114.72	118.05
0	0.0	119.27	121.77
0	0.0	120.32	123.24
0	0.0	123.32	125.66
0	0.0	127.19	130.02
0	0.0	132.9	135.88
0	0.0	137.49	140.78
0	0.0	142.46	146.02
0	0.0	144.35	147.67
0	0.0	147.7	152.39
0	0.0	151.62	155.98
0	0.0	156.87	159.98
0	0.0	162.11	163.02
0	0.0	165.12	167.15
0	0.0	165.34	168.17
0	0.0	166.65	169.97
0	0.0	169.32	172.31
0	0.0	170.14	173.21
0	0.0	172.69	175.52
0	0.0	175.36	177.33
0	0.0	179.35	179.8
0	0.0	177.68	178.14
0	0.0	175.09	175.04
0	0.0	174.5	174.06
0	0.0	173.91	172.72
0	0.0	174.06	172.97
0	0.0	174.06	172.92
0	0.0	174.16	172.3
0	0.0	174.24	172.04
0	0.0	174.37	171.91
0	0.0	174.45	172.16
0	0.0	174.5	171.71
0	0.0	174.58	171.62
0	0.0	174.7	171.72
0	0.0	174.72	171.28
0	0.0	174.57	171.13
0	0.0	174.33	170.84
0	0.0	174.35	169.96
0	0.0	174.33	169.52
0	0.0	174.41	169.51
0	0.0	174.59	169.44
0	0.0	175.03	171.44
0	0.0	175.42	177.65
0	0.0	174.16	177.62
0	0.0	176.84	179.37
0	0.0	177.93	178.2
0	0.0	177.46	178.86
0	0.0	177.18	179.48
0	0.0	176.99	179.7
0	0.0	176.84	179.21
0	0.0	175.47	175.92
0	0.0	174.26	174.51
0	0.0	172.71	173.15
0	0.0	169.96	172.26
0	0.0	165.54	169.94
0	0.0	161.62	163.68
0	0.0	160.24	162.44
0	0.0	156.95	159.89
0	0.0	152.21	156.29
0	0.0	144.53	150.11
0	0.0	142.07	147.75
0	0.0	137.99	145.6
0	0.0	133.15	141.53
0	0.0	126.24	133.43
0	0.0	121.37	127.07
0	0.0	119.27	123.35
0	0.0	118.96	122.84
0	0.0	114.39	118.65
0	0.0	109.11	113.57
0	0.0	105.4	109.97
0	0.0	103.01	107.39
0	0.0	99.01	105.51
0	0.0	97.97	105.62
0	0.0	94.88	102.65
0	0.0	90.76	100.68
0	0.0	92.99	101.74
0	0.0	92.32	100.83
0	0.0	88.32	97.67
0	0.0	85.45	93.55
0	0.0	82.57	91.12
0	0.0	80.71	88.94
0	0.0	80.89	89.5
0	0.0	78.53	87.98
0	0.0	75.14	86.15
0	0.0	70.03	83.5
0	0.0	66.8	78.76
0	0.0	64.4	75.18
0	0.0	64.52	73.77
0	0.0	62.51	71.23
0	0.0	59.09	67.81
0	0.0	59.04	66.84
0	0.0	57.11	64.42
0	0.0	53.98	61.42
0	0.0	52.72	59.67
0	0.0	51.39	57.66
0	0.0	48.55	55.18
0	0.0	49.79	55.26
0	0.0	47.62	53.48
0	0.0	46.87	52.3
0	0.0	44.78	50.36
0	0.0	43.56	48.91
0	0.0	41.52	46.85
0	0.0	42.18	46.69
0	0.0	41.65	45.56
0	0.0	39.92	43.59
0	0.0	38.83	43.47
0	0.0	35.52	41.75
0	0.0	35.35	41.34
0	0.0	34.69	40.64
0	0.0	33.99	40.19
0	0.0	34.27	40.5
0	0.0	34.48	40.46
0	0.0	35.02	40.67
0	0.0	35.57	41.01
0	0.0	36.15	41.18
0	0.0	36.5	41.21
0	0.0	36.64	41.27
0	0.0	36.69	41.33
0	0.0	36.73	41.37
0	0.0	36.77	41.54
0	0.0	36.76	41.62
0	0.0	36.8	41.61
0	0.0	36.74	41.67
0	0.0	36.72	41.68
0	0.0	36.6	41.73
0	0.0	36.46	41.71
0	0.0	36.46	41.69
0	0.0	36.45	41.65
0	0.0	36.46	41.66
0	0.0	36.49	41.67
0	0.0	36.52	41.67
0	0.0	36.54	41.66
0	0.0	36.8	41.68
0	0.0	37.04	41.73
0	0.0	37.2	41.76
0	0.0	37.31	41.76
0	0.0	37.39	41.78
0	0.0	37.47	41.81
0	0.0	37.46	41.74
0	0.0	37.48	41.56
0	0.0	37.52	41.3
0	0.0	37.47	41.01
0	0.0	37.45	40.89
0	0.0	37.51	40.83
0	0.0	37.65	40.94
0	0.0	37.76	41.02
0	0.0	38.95	42.58
0	0.0	41.23	44.79
0	0.0	46.16	49.15
0	0.0	50.36	54.06
0	0.0	55.41	59.89
0	0.0	58.26	62.63
0	0.0	64.03	68.33
0	0.0	69.31	74.25
0	0.0	73.42	80.05
0	0.0	78.34	86.46
0	0.0	83.17	90.81
0	0.0	82.86	90.57
0	0.0	87.01	95.39
0	0.0	94.36	103.63
0	0.0	98.94	104.9
0	0.0	105.21	108.83
0	0.0	109.38	113.55
0	0.0	115.02	120.65
0	0.0	119.63	126.23
0	0.0	125.65	131.83
0	0.0	125.47	132.46
0	0.0	132.23	139.04
0	0.0	139.37	144.73
0	0.0	147.27	149.22
0	0.0	153.83	157.05
0	0.0	158.78	162.97
0	0.0	160.29	164.78
0	0.0	167.05	168.11
0	0.0	172.36	173.1
0	0.0	174.44	175.77
0	0.0	178.05	178.66
0	0.0	178.79	178.63
0	0.0	176.99	176.77
0	0.0	177.0	176.94
0	0.0	178.34	178.23
0	0.0	178.81	178.94
0	0.0	179.14	179.66
0	0.0	179.15	179.98
0	0.0	179.34	179.93
0	0.0	179.91	179.87
0	0.0	179.7	179.73
0	0.0	179.44	179.66
0	0.0	179.53	179.66
0	0.0	179.43	179.73
0	0.0	179.38	179.79
0	0.0	179.09	179.86
0	0.0	178.65	179.91
0	0.0	178.15	179.88
0	0.0	177.85	179.82
0	0.0	177.75	179.79
0	0.0	177.7	179.77
0	0.0	177.7	179.78
0	0.0	177.75	179.81
0	0.0	177.83	179.8
0	0.0	177.92	179.79
0	0.0	178.01	179.79
0	0.0	178.04	179.79
0	0.0	178.03	179.78
0	0.0	178.03	179.78
0	0.0	178.02	179.77
0	0.0	178.01	179.75
0	0.0	177.98	179.72
0	0.0	177.96	179.72
0	0.0	178.05	179.73
0	0.0	178.13	179.75
0	0.0	178.17	179.75
0	0.0	178.18	179.76
0	0.0	178.18	179.78
0	0.0	178.17	179.81
0	0.0	178.2	179.82
0	0.0	178.26	179.82
0	0.0	178.32	179.83
0	0.0	178.29	179.83
0	0.0	178.27	179.82
0	0.0	178.29	179.82
0	0.0	178.33	179.82
0	0.0	178.37	179.82
0	0.0	178.38	179.82
0	0.0	178.4	179.83
0	0.0	178.41	179.84
0	0.0	178.43	179.85
0	0.0	178.42	179.85
0	0.0	178.4	179.85
0	0.0	178.39	179.83
0	0.0	178.39	179.82
0	0.0	178.39	179.81
0	0.0	178.38	179.81
0	0.0	178.38	179.81
0	0.0	178.35	179.8
0	0.0	178.32	179.8
0	0.0	178.29	179.8
0	0.0	178.26	179.8
0	0.0	178.24	179.81
0	0.0	178.22	179.81
0	0.0	178.22	179.82
0	0.0	178.22	179.83
0	0.0	178.24	179.85
0	0.0	178.27	179.87
0	0.0	178.29	179.88
0	0.0	178.3	179.89
0	0.0	178.31	179.88
0	0.0	178.31	179.89
0	0.0	178.32	179.89
0	0.0	178.33	179.9
0	0.0	178.33	179.92
0	0.0	178.36	179.95
0	0.0	178.42	179.81
0	0.0	178.4	178.83
0	0.0	177.43	177.69
0	0.0	177.11	176.9
0	0.0	176.95	176.57
0	0.0	176.26	175.51
0	0.0	175.08	174.79
0	0.0	171.66	172.19
0	0.0	169.87	169.58
0	0.0	169.14	169.23
0	0.0	167.85	167.73
0	0.0	164.41	164.53
0	0.0	157.13	159.75
0	0.0	152.85	157.28
0	0.0	148.89	153.1
0	0.0	141.51	148.24
0	0.0	138.5	144.07
0	0.0	132.89	137.37
0	0.0	128.44	132.58
0	0.0	128.23	132.24
0	0.0	125.69	129.73
0	0.0	120.73	124.4
0	0.0	117.4	120.58
0	0.0	114.7	121.21
0	0.0	111.94	120.35
0	0.0	109.27	119.14
0	0.0	105.17	115.47
0	0.0	100.9	112.98
0	0.0	101.91	113.12
0	0.0	99.74	111.03
0	0.0	97.44	108.19
0	0.0	94.54	104.88
0	0.0	90.44	98.15
0	0.0	87.94	94.96
0	0.0	85.91	92.98
0	0.0	85.85	92.18
0	0.0	82.99	89.65
0	0.0	79.46	85.99
0	0.0	79.51	84.97
0	0.0	76.63	81.59
0	0.0	72.2	77.94
0	0.0	68.56	74.38
0	0.0	64.6	70.53
0	0.0	61.52	67.35
0	0.0	60.27	66.97
0	0.0	57.65	64.13
0	0.0	55.14	61.6
0	0.0	54.36	59.89
0	0.0	53.35	59.48
0	0.0	52.05	58.04
0	0.0	51.83	56.68
0	0.0	51.73	55.57
0	0.0	50.66	54.42
0	0.0	51.9	54.82
0	0.0	50.58	53.18
0	0.0	49.24	51.3
0	0.0	47.66	49.66
0	0.0	45.7	48.27
0	0.0	44.75	47.25
0	0.0	44.35	46.15
0	0.0	43.7	45.37
0	0.0	43.32	44.83
0	0.0	43.19	44.58
0	0.0	42.96	44.38
0	0.0	42.59	44.41
0	0.0	42.51	44.25
0	0.0	42.47	44.11
0	0.0	42.34	44.04
0	0.0	42.22	44.01
0	0.0	41.92	43.89
0	0.0	41.62	43.88
0	0.0	41.44	43.79
0	0.0	41.4	43.76
0	0.0	41.43	43.79
0	0.0	41.47	43.8
0	0.0	41.4	43.8
0	0.0	41.29	43.79
0	0.0	41.11	43.75
0	0.0	41.0	43.75
0	0.0	40.95	43.74
0	0.0	40.91	43.73
0	0.0	40.61	43.65
0	0.0	40.19	43.57
0	0.0	39.92	43.51
0	0.0	39.45	43.45
0	0.0	39.04	43.4
0	0.0	38.92	43.45
0	0.0	38.74	43.37
0	0.0	38.64	43.33
0	0.0	38.61	43.3
0	0.0	38.56	43.18
0	0.0	38.51	43.02
0	0.0	38.41	42.76
0	0.0	38.27	42.5
0	0.0	38.14	42.23
0	0.0	38.08	42.04
0	0.0	38.08	41.93
0	0.0	38.15	41.95
0	0.0	38.2	41.96
0	0.0	38.56	42.46
0	0.0	39.26	43.7
0	0.0	41.52	46.26
0	0.0	45.78	50.61
0	0.0	50.58	55.58
0	0.0	52.21	56.84
0	0.0	55.94	60.51
0	0.0	61.28	65.46
0	0.0	68.61	73.59
0	0.0	73.55	79.45
0	0.0	76.96	83.47
0	0.0	77.89	84.71
0	0.0	83.71	91.41
0	0.0	89.96	97.43
0	0.0	89.12	96.09
0	0.0	93.81	101.9
0	0.0	101.38	108.98
0	0.0	105.29	112.14
0	0.0	109.94	116.53
0	0.0	116.41	122.81
0	0.0	118.98	125.58
0	0.0	121.79	128.36
0	0.0	124.67	132.32
0	0.0	128.15	137.21
0	0.0	133.12	142.17
0	0.0	140.27	147.45
0	0.0	142.94	149.19
0	0.0	148.98	152.72
0	0.0	154.38	157.8
0	0.0	156.23	159.44
0	0.0	160.69	164.3
0	0.0	166.69	168.14
0	0.0	170.71	171.28
0	0.0	174.34	174.63
0	0.0	177.65	178.23
0	0.0	177.94	179.37
0	0.0	179.99	179.0
0	0.0	179.13	178.06
0	0.0	178.16	178.02
0	0.0	178.04	178.36
0	0.0	178.04	178.52
0	0.0	178.41	178.76
0	0.0	178.72	178.88
0	0.0	179.07	178.92
0	0.0	179.26	178.95
0	0.0	179.44	179.07
0	0.0	179.54	179.15
0	0.0	179.61	179.22
0	0.0	179.36	179.15
0	0.0	179.06	178.92
0	0.0	179.04	178.81
0	0.0	179.1	178.75
0	0.0	179.23	178.65
0	0.0	179.37	178.42
0	0.0	179.45	178.18
0	0.0	179.36	177.92
0	0.0	179.61	177.89
0	0.0	179.98	178.06
0	0.0	179.65	178.3
0	0.0	179.39	178.42
0	0.0	179.21	178.45
0	0.0	179.21	178.38
0	0.0	179.27	178.22
0	0.0	179.39	178.03
0	0.0	179.4	178.02
0	0.0	179.35	178.06
0	0.0	179.23	178.09
0	0.0	179.04	178.12
0	0.0	178.87	178.1
0	0.0	178.79	178.07
0	0.0	178.66	178.06
0	0.0	178.45	178.1
0	0.0	178.19	178.22
0	0.0	177.98	178.3
0	0.0	177.73	178.39
0	0.0	177.55	178.45
0	0.0	177.4	178.49
0	0.0	177.32	178.5
0	0.0	177.27	178.49
0	0.0	177.23	178.49
0	0.0	177.2	178.47
0	0.0	177.18	178.45
0	0.0	177.19	178.45
0	0.0	177.24	178.46
0	0.0	177.26	178.46
0	0.0	177.3	178.46
0	0.0	177.37	178.44
0	0.0	177.4	178.45
0	0.0	177.4	178.62
0	0.0	177.37	178.91
0	0.0	177.3	179.1
0	0.0	176.94	179.22
0	0.0	176.71	179.43
0	0.0	176.47	179.57
0	0.0	175.72	178.93
0	0.0	175.09	177.41
0	0.0	174.6	176.5
0	0.0	173.69	175.01
0	0.0	173.04	174.22
0	0.0	172.73	173.16
0	0.0	171.95	171.85
0	0.0	171.55	170.93
0	0.0	169.29	169.01
0	0.0	166.57	166.82
0	0.0	161.65	163.29
0	0.0	155.39	158.52
0	0.0	149.93	153.6
0	0.0	147.77	151.66
0	0.0	142.38	147.69
0	0.0	139.83	145.35
0	0.0	134.12	141.54
0	0.0	128.87	136.48
0	0.0	124.33	130.88
0	0.0	120.46	126.29
0	0.0	117.84	125.22
0	0.0	113.69	121.49
0	0.0	108.74	116.58
0	0.0	109.29	116.97
0	0.0	104.64	114.87
0	0.0	101.16	112.79
0	0.0	100.27	113.55
0	0.0	99.85	113.36
0	0.0	98.37	111.58
0	0.0	97.04	110.72
0	0.0	93.52	107.11
0	0.0	91.25	104.18
0	0.0	88.81	101.91
0	0.0	83.17	93.28
0	0.0	81.05	91.44
0	0.0	81.13	92.74
0	0.0	80.08	92.03
0	0.0	78.35	89.02
0	0.0	76.2	88.24
0	0.0	70.64	83.71
0	0.0	67.61	78.97
0	0.0	65.33	74.99
0	0.0	62.87	71.51
0	0.0	60.49	69.73
0	0.0	57.25	66.87
0	0.0	55.31	64.86
0	0.0	53.84	62.09
0	0.0	51.96	60.98
0	0.0	50.21	58.54
0	0.0	49.33	55.87
0	0.0	48.56	53.77
0	0.0	49.06	52.34
0	0.0	46.87	50.63
0	0.0	44.89	49.01
0	0.0	43.05	48.47
0	0.0	41.26	47.53
0	0.0	38.94	46.91
0	0.0	37.21	45.43
0	0.0	38.26	45.23
0	0.0	38.31	44.83
0	0.0	37.87	44.9
0	0.0	36.83	45.03
0	0.0	36.07	45.01
0	0.0	35.94	44.9
0	0.0	35.92	44.83
0	0.0	35.77	44.81
0	0.0	35.64	44.76
0	0.0	36.13	44.73
0	0.0	36.85	44.69
0	0.0	36.94	44.86
0	0.0	37.23	44.9
0	0.0	37.62	44.7
0	0.0	37.63	44.63
0	0.0	37.63	44.6
0	0.0	37.61	44.63
0	0.0	37.54	44.55
0	0.0	37.52	44.48
0	0.0	37.24	44.14
0	0.0	36.9	43.77
0	0.0	36.85	43.55
0	0.0	36.76	43.43
0	0.0	36.71	43.41
0	0.0	36.67	43.4
0	0.0	36.61	43.35
0	0.0	36.71	43.37
0	0.0	36.65	43.26
0	0.0	36.59	43.17
0	0.0	36.42	43.05
0	0.0	36.25	43.03
0	0.0	36.18	43.05
0	0.0	36.14	43.26
0	0.0	36.14	43.45
0	0.0	36.15	43.55
0	0.0	36.24	43.55
0	0.0	36.37	43.47
0	0.0	36.88	43.69
0	0.0	37.72	44.45
0	0.0	38.46	44.85
0	0.0	40.06	46.38
0	0.0	42.1	48.23
0	0.0	45.72	52.72
0	0.0	49.89	57.18
0	0.0	54.62	61.25
0	0.0	56.6	62.51
0	0.0	62.51	67.92
0	0.0	68.3	73.24
0	0.0	68.81	74.44
0	0.0	72.17	77.83
0	0.0	76.31	82.91
0	0.0	80.76	87.53
0	0.0	85.2	91.83
0	0.0	88.56	94.83
0	0.0	87.74	94.2
0	0.0	91.08	97.34
0	0.0	96.71	102.57
0	0.0	100.85	107.56
0	0.0	103.5	109.27
0	0.0	108.54	113.04
0	0.0	112.36	116.81
0	0.0	113.29	118.49
0	0.0	115.95	121.28
0	0.0	119.9	124.75
0	0.0	123.46	129.02
0	0.0	125.36	132.56
0	0.0	133.12	140.94
0	0.0	141.56	148.54
0	0.0	145.64	151.09
0	0.0	151.57	156.07
0	0.0	153.94	157.1
0	0.0	158.7	161.43
0	0.0	163.05	166.37
0	0.0	164.35	167.95
0	0.0	166.6	169.49
0	0.0	169.38	171.71
0	0.0	174.72	175.55
0	0.0	177.38	178.67
0	0.0	179.09	179.01
0	0.0	179.37	178.1
0	0.0	179.83	177.67
0	0.0	179.43	177.2
0	0.0	179.54	177.06
0	0.0	179.34	177.32
0	0.0	179.6	177.66
0	0.0	179.83	177.88
0	0.0	179.77	177.89
0	0.0	179.58	178.14
0	0.0	179.42	178.35
0	0.0	179.31	178.5
0	0.0	179.2	178.58
0	0.0	179.08	178.69
0	0.0	178.53	178.92
0	0.0	178.33	178.92
0	0.0	178.47	178.79
0	0.0	178.11	178.96
0	0.0	177.63	179.11
0	0.0	177.23	179.09
0	0.0	177.02	179.04
0	0.0	176.92	178.86
0	0.0	176.86	178.8
0	0.0	176.84	178.72
0	0.0	176.84	178.66
0	0.0	177.03	178.49
0	0.0	177.4	178.27
0	0.0	177.63	178.08
0	0.0	177.76	178.07
0	0.0	177.83	178.09
0	0.0	177.83	178.27
0	0.0	177.67	178.72
0	0.0	177.7	179.1
0	0.0	177.73	179.17
0	0.0	177.75	179.21
0	0.0	177.6	179.29
0	0.0	177.7	179.25
0	0.0	177.57	179.68
0	0.0	177.62	179.95
0	0.0	176.37	179.21
0	0.0	176.0	178.86
0	0.0	174.59	178.54
0	0.0	169.31	177.63
0	0.0	174.39	176.79
0	0.0	177.38	176.87
0	0.0	177.76	176.74
0	0.0	179.06	176.69
0	0.0	179.53	176.66
0	0.0	179.87	176.47
0	0.0	179.69	176.4
0	0.0	178.99	176.3
0	0.0	178.4	176.12
0	0.0	178.07	176.05
0	0.0	177.98	175.98
0	0.0	178.2	175.74
0	0.0	178.47	175.4
0	0.0	178.78	175.18
0	0.0	178.88	175.3
0	0.0	178.92	175.58
0	0.0	179.85	175.77
0	0.0	179.28	176.17
0	0.0	179.87	177.05
0	0.0	179.49	177.14
0	0.0	179.93	176.59
0	0.0	177.7	176.02
0	0.0	172.71	174.38
0	0.0	168.59	173.48
0	0.0	163.03	171.39
0	0.0	161.36	169.84
0	0.0	155.55	166.54
0	0.0	150.1	165.1
0	0.0	149.78	164.35
0	0.0	149.4	163.49
0	0.0	146.5	161.62
0	0.0	138.75	159.5
0	0.0	133.72	157.04
0	0.0	128.65	154.79
0	0.0	127.17	153.54
0	0.0	120.96	152.01
0	0.0	116.46	151.19
0	0.0	111.32	149.9
0	0.0	106.71	148.96
0	0.0	102.05	147.29
0	0.0	101.13	146.95
0	0.0	99.02	145.98
0	0.0	95.28	144.07
0	0.0	95.51	143.15
0	0.0	94.14	140.46
0	0.0	92.06	139.04
0	0.0	87.11	134.43
0	0.0	84.38	129.48
0	0.0	82.81	125.73
0	0.0	82.25	122.74
0	0.0	78.21	117.93
0	0.0	74.59	112.5
0	0.0	68.49	108.08
0	0.0	65.42	105.27
0	0.0	60.3	99.53
0	0.0	60.16	97.17
0	0.0	57.07	90.31
0	0.0	53.46	83.64
0	0.0	52.52	83.65
0	0.0	50.64	80.33
0	0.0	48.76	77.84
0	0.0	45.78	74.24
0	0.0	43.65	72.2
0	0.0	42.73	71.84
0	0.0	42.97	72.84
0	0.0	42.56	74.17
0	0.0	41.94	72.71
0	0.0	40.13	69.0
0	0.0	38.63	65.45
0	0.0	37.48	64.17
0	0.0	37.39	64.53
0	0.0	36.59	62.94
0	0.0	36.98	64.03
0	0.0	36.31	62.07
0	0.0	34.91	59.48
0	0.0	34.87	58.09
0	0.0	34.21	56.77
0	0.0	33.58	55.97
0	0.0	33.31	55.77
0	0.0	33.41	56.32
0	0.0	33.23	56.39
0	0.0	32.91	55.94
0	0.0	32.87	55.53
0	0.0	32.94	55.14
0	0.0	33.22	54.69
0	0.0	33.37	54.32
0	0.0	33.75	53.51
0	0.0	33.78	53.27
0	0.0	33.8	53.08
0	0.0	33.75	52.97
0	0.0	33.69	52.84
0	0.0	33.63	52.65
0	0.0	33.59	52.44
0	0.0	33.53	52.16
0	0.0	33.49	51.91
0	0.0	33.46	51.74
0	0.0	33.42	51.6
0	0.0	33.34	51.39
0	0.0	33.25	51.11
0	0.0	33.26	51.01
0	0.0	33.21	50.88
0	0.0	33.19	50.77
0	0.0	33.17	50.74
0	0.0	33.17	50.74
0	0.0	33.18	51.17
0	0.0	33.2	51.5
0	0.0	34.12	52.98
0	0.0	35.88	57.86
0	0.0	38.05	64.01
0	0.0	40.82	68.31
0	0.0	43.01	70.1
0	0.0	44.07	70.31
0	0.0	46.67	75.02
0	0.0	49.26	80.39
0	0.0	53.78	87.55
0	0.0	55.89	90.4
0	0.0	59.01	96.09
0	0.0	66.58	111.58
0	0.0	68.35	111.21
0	0.0	73.08	115.59
0	0.0	79.92	121.96
0	0.0	81.35	123.26
0	0.0	92.83	136.85
0	0.0	95.8	139.86
0	0.0	101.05	144.89
0	0.0	107.15	150.29
0	0.0	109.1	152.03
0	0.0	113.11	153.27
0	0.0	119.19	154.19
0	0.0	125.74	156.0
0	0.0	131.58	156.57
0	0.0	137.84	157.36
0	0.0	141.18	157.3
0	0.0	147.45	158.61
0	0.0	154.42	160.07
0	0.0	155.88	161.71
0	0.0	159.11	164.02
0	0.0	162.93	166.34
0	0.0	166.67	167.79
0	0.0	169.16	169.38
0	0.0	175.75	172.65
0	0.0	177.59	173.04
0	0.0	177.24	174.27
0	0.0	174.26	174.67
0	0.0	173.13	174.88
0	0.0	172.62	175.3
0	0.0	171.19	176.32
0	0.0	170.5	176.91
0	0.0	170.88	177.09
0	0.0	171.0	177.28
0	0.0	170.81	177.71
0	0.0	170.95	178.0
0	0.0	170.49	178.15
0	0.0	170.16	178.12
0	0.0	169.95	178.08
0	0.0	169.94	178.18
0	0.0	170.02	178.21
0	0.0	170.11	178.21
0	0.0	170.19	178.09
0	0.0	170.3	177.99
0	0.0	170.37	177.86
0	0.0	170.49	177.74
0	0.0	170.56	177.68
0	0.0	170.63	177.66
0	0.0	170.68	177.66
0	0.0	170.74	177.67
0	0.0	170.76	177.65
0	0.0	170.77	177.61
0	0.0	170.76	177.56
0	0.0	170.79	177.46
0	0.0	170.81	177.42
0	0.0	170.81	177.37
0	0.0	170.83	177.34
0	0.0	170.83	177.33
0	0.0	170.83	177.32
0	0.0	170.84	177.32
0	0.0	170.85	177.31
0	0.0	170.86	177.3
0	0.0	170.87	177.3
0	0.0	170.88	177.29
0	0.0	170.87	177.29
0	0.0	170.88	177.29
0	0.0	170.89	177.28
0	0.0	170.94	177.27
0	0.0	170.96	177.26
0	0.0	171.01	177.24
0	0.0	171.04	177.22
0	0.0	171.09	177.2
0	0.0	171.15	177.23
0	0.0	171.3	177.23
0	0.0	171.42	177.22
0	0.0	171.54	177.21
0	0.0	172.44	176.95
0	0.0	173.0	176.8
0	0.0	174.08	176.27
0	0.0	175.65	175.67
0	0.0	176.47	175.32
0	0.0	178.22	174.77
0	0.0	178.25	174.12
0	0.0	174.34	171.98
0	0.0	170.05	169.46
0	0.0	168.51	168.45
0	0.0	162.99	167.26
0	0.0	157.25	166.17
0	0.0	150.4	163.99
0	0.0	147.99	163.11
0	0.0	144.72	161.28
0	0.0	141.29	160.26
0	0.0	140.23	159.25
0	0.0	136.2	157.75
0	0.0	130.11	155.81
0	0.0	128.73	153.91
0	0.0	122.0	150.98
0	0.0	113.76	149.12
0	0.0	107.64	147.05
0	0.0	105.11	146.66
0	0.0	100.38	144.67
0	0.0	99.28	144.25
0	0.0	93.69	140.72
0	0.0	90.31	136.86
0	0.0	85.67	133.09
0	0.0	83.58	130.49
0	0.0	85.33	130.54
0	0.0	83.05	126.68
0	0.0	78.54	121.04
0	0.0	78.61	120.05
0	0.0	74.99	115.52
0	0.0	71.57	111.32
0	0.0	68.0	106.8
0	0.0	61.35	97.37
0	0.0	57.72	89.15
0	0.0	57.18	87.21
0	0.0	54.97	83.63
0	0.0	51.47	78.97
0	0.0	49.94	76.2
0	0.0	50.24	77.31
0	0.0	48.8	75.7
0	0.0	46.94	72.84
0	0.0	46.62	72.18
0	0.0	45.71	70.64
0	0.0	44.66	68.85
0	0.0	44.04	67.71
0	0.0	41.84	64.68
0	0.0	41.1	63.15
0	0.0	40.1	61.3
0	0.0	39.63	60.25
0	0.0	40.08	61.06
0	0.0	38.3	59.35
0	0.0	37.34	58.3
0	0.0	36.29	55.71
0	0.0	35.33	53.33
0	0.0	35.48	52.76
0	0.0	35.31	52.16
0	0.0	35.25	51.7
0	0.0	35.31	51.19
0	0.0	35.36	50.79
0	0.0	35.41	50.85
0	0.0	35.46	51.1
0	0.0	35.45	51.23
0	0.0	35.4	51.4
0	0.0	35.34	51.59
0	0.0	35.28	51.72
0	0.0	35.16	51.71
0	0.0	35.07	51.26
0	0.0	34.95	51.18
0	0.0	34.91	51.24
0	0.0	34.82	50.92
0	0.0	34.77	50.97
0	0.0	34.73	50.64
0	0.0	34.68	50.65
0	0.0	34.63	50.53
0	0.0	34.61	50.5
0	0.0	34.59	50.55
0	0.0	34.55	50.51
0	0.0	34.52	50.44
0	0.0	34.51	50.41
0	0.0	34.46	50.31
0	0.0	34.36	49.73
0	0.0	34.31	49.3
0	0.0	34.24	49.01
0	0.0	34.22	48.86
0	0.0	34.21	48.77
0	0.0	34.18	48.77
0	0.0	34.29	48.99
0	0.0	34.71	50.07
0	0.0	35.7	52.44
0	0.0	37.58	56.15
0	0.0	41.06	62.22
0	0.0	43.48	66.8
0	0.0	44.53	68.69
0	0.0	46.09	71.31
0	0.0	48.5	73.1
0	0.0	51.33	79.65
0	0.0	55.24	89.27
0	0.0	63.69	102.89
0	0.0	64.6	102.46
0	0.0	70.35	110.35
0	0.0	77.3	118.31
0	0.0	79.55	119.79
0	0.0	84.83	123.95
0	0.0	93.4	130.9
0	0.0	93.91	133.58
0	0.0	98.06	137.67
0	0.0	104.79	142.45
0	0.0	107.21	144.44
0	0.0	113.44	147.69
0	0.0	116.09	149.12
0	0.0	129.51	150.51
0	0.0	137.09	153.15
0	0.0	143.34	154.86
0	0.0	144.23	155.36
0	0.0	150.39	156.73
0	0.0	152.62	157.63
0	0.0	157.13	158.0
0	0.0	162.54	160.1
0	0.0	165.04	162.0
0	0.0	169.2	164.44
0	0.0	175.17	165.78
0	0.0	178.01	166.61
0	0.0	179.67	167.66
0	0.0	178.05	168.66
0	0.0	177.06	170.68
0	0.0	175.55	171.92
0	0.0	171.7	173.14
0	0.0	170.16	174.43
0	0.0	168.97	176.04
0	0.0	168.85	176.83
0	0.0	168.92	177.33
0	0.0	169.27	177.75
0	0.0	169.68	177.73
0	0.0	170.16	177.88
0	0.0	170.8	178.15
0	0.0	171.51	178.1
0	0.0	171.89	178.02
0	0.0	172.06	177.89
0	0.0	172.01	177.75
0	0.0	171.87	177.73
0	0.0	171.8	177.83
0	0.0	171.78	177.88
0	0.0	171.73	177.98
0	0.0	171.62	178.14
0	0.0	171.49	178.23
0	0.0	171.42	178.3
0	0.0	171.4	178.3
0	0.0	171.37	178.3
0	0.0	171.35	178.26
0	0.0	171.35	178.22
0	0.0	171.44	178.15
0	0.0	171.5	178.11
0	0.0	171.65	178.1
0	0.0	171.74	178.11
0	0.0	171.51	178.0
0	0.0	171.52	177.9
0	0.0	171.67	177.78
0	0.0	171.81	177.65
0	0.0	171.86	177.55
0	0.0	171.88	177.48
0	0.0	171.77	177.46
0	0.0	171.55	177.48
0	0.0	171.38	177.51
0	0.0	171.19	177.53
0	0.0	171.05	177.54
0	0.0	170.94	177.51
0	0.0	170.77	177.51
0	0.0	170.68	177.51
0	0.0	170.62	177.52
0	0.0	170.57	177.53
0	0.0	171.01	177.57
0	0.0	171.27	177.61
0	0.0	171.25	177.66
0	0.0	171.54	177.7
0	0.0	171.75	177.73
0	0.0	171.92	177.72
0	0.0	172.1	177.5
0	0.0	172.23	177.37
0	0.0	173.68	176.63
0	0.0	176.39	175.7
0	0.0	178.63	174.82
0	0.0	178.27	172.75
0	0.0	172.56	169.61
0	0.0	170.37	168.28
0	0.0	164.95	166.9
0	0.0	158.58	166.07
0	0.0	150.26	163.99
0	0.0	146.53	161.41
0	0.0	143.52	158.81
0	0.0	142.07	157.0
0	0.0	138.3	154.69
0	0.0	133.21	152.24
0	0.0	132.65	151.58
0	0.0	128.1	150.14
0	0.0	122.35	148.65
0	0.0	118.78	147.99
0	0.0	113.84	146.92
0	0.0	109.36	145.73
0	0.0	104.92	143.95
0	0.0	101.12	142.02
0	0.0	96.17	140.3
0	0.0	96.54	140.31
0	0.0	94.23	138.85
0	0.0	92.43	136.91
0	0.0	87.87	133.38
0	0.0	86.88	131.12
0	0.0	81.61	123.09
0	0.0	80.27	120.47
0	0.0	75.94	115.99
0	0.0	72.29	111.3
0	0.0	72.32	110.95
0	0.0	68.43	105.55
0	0.0	63.65	96.84
0	0.0	59.9	91.76
0	0.0	56.21	84.42
0	0.0	52.85	79.08
0	0.0	53.82	79.14
0	0.0	51.67	75.17
0	0.0	49.77	72.31
0	0.0	47.24	68.7
0	0.0	45.72	65.54
0	0.0	44.47	64.13
0	0.0	45.12	65.08
0	0.0	44.26	64.09
0	0.0	42.99	62.45
0	0.0	42.78	62.96
0	0.0	41.72	62.43
0	0.0	40.46	61.41
0	0.0	39.03	60.57
0	0.0	37.18	58.17
0	0.0	35.7	56.49
0	0.0	35.58	56.14
0	0.0	34.46	54.26
0	0.0	33.72	52.55
0	0.0	33.77	51.34
0	0.0	33.58	49.75
0	0.0	33.53	48.76
0	0.0	33.88	48.19
0	0.0	33.85	47.67
0	0.0	33.82	47.4
0	0.0	33.73	47.01
0	0.0	33.74	46.09
0	0.0	33.83	45.27
0	0.0	33.86	44.79
0	0.0	33.82	44.22
0	0.0	33.79	43.94
0	0.0	33.77	43.84
0	0.0	33.7	43.81
0	0.0	33.56	43.75
0	0.0	33.42	43.74
0	0.0	33.32	43.73
0	0.0	33.26	43.72
0	0.0	33.22	43.75
0	0.0	33.21	43.74
0	0.0	33.21	43.74
0	0.0	33.2	43.74
0	0.0	33.21	43.75
0	0.0	33.23	43.72
0	0.0	33.25	43.7
0	0.0	33.26	43.68
0	0.0	33.32	43.69
0	0.0	33.35	43.68
0	0.0	33.4	43.7
0	0.0	33.44	43.74
0	0.0	33.48	43.81
0	0.0	33.56	43.92
0	0.0	33.65	44.08
0	0.0	33.72	44.19
0	0.0	33.81	44.39
0	0.0	34.09	44.99
0	0.0	34.28	45.37
0	0.0	35.92	49.65
0	0.0	37.93	55.81
0	0.0	41.38	62.07
0	0.0	44.31	68.9
0	0.0	47.03	73.85
0	0.0	48.41	72.0
0	0.0	50.24	76.4
0	0.0	52.73	82.44
0	0.0	58.1	94.18
0	0.0	63.82	104.29
0	0.0	71.25	116.99
0	0.0	70.88	115.07
0	0.0	76.94	120.94
0	0.0	84.15	126.15
0	0.0	85.65	128.66
0	0.0	89.15	132.53
0	0.0	95.61	137.62
0	0.0	96.47	138.7
0	0.0	99.89	141.62
0	0.0	105.24	143.81
0	0.0	110.83	146.31
0	0.0	113.54	148.4
0	0.0	125.81	150.71
0	0.0	132.32	152.46
0	0.0	138.72	154.62
0	0.0	143.52	157.13
0	0.0	143.83	158.21
0	0.0	149.4	159.61
0	0.0	156.31	161.27
0	0.0	156.8	161.93
0	0.0	161.64	164.23
0	0.0	165.87	166.42
0	0.0	170.03	167.72
0	0.0	171.93	169.29
0	0.0	175.22	171.32
0	0.0	177.33	172.1
0	0.0	179.34	172.24
0	0.0	177.4	172.17
0	0.0	174.86	172.91
0	0.0	172.75	173.57
0	0.0	171.94	174.58
0	0.0	171.91	175.5
0	0.0	171.23	175.86
0	0.0	171.38	176.43
0	0.0	172.49	176.66
0	0.0	172.93	176.69
0	0.0	173.25	176.81
0	0.0	173.22	176.91
0	0.0	173.27	177.14
0	0.0	173.23	177.29
0	0.0	173.19	177.37
0	0.0	173.09	177.51
0	0.0	173.09	177.72
0	0.0	173.12	177.81
0	0.0	173.34	178.04
0	0.0	173.69	178.32
0	0.0	173.94	178.55
0	0.0	174.58	178.54
0	0.0	174.73	178.31
0	0.0	174.67	178.12
0	0.0	175.53	177.69
0	0.0	176.22	176.98
0	0.0	179.6	176.65
0	0.0	177.84	174.42
0	0.0	173.15	173.71
0	0.0	171.95	172.55
